Date,Facebook,Pinterest,Twitter,YouTube,Instagram,Tumblr,reddit,LinkedIn,Google+,VKontakte,StumbleUpon,news.ycombinator.com,Other
2018-08,69.2,7.77,8.86,6.59,3.96,1.61,0.78,0.65,0.24,0.24,0.03,0.01,0.06
2018-09,74.81,6.59,8.6,4.72,2.21,1.59,0.65,0.45,0.19,0.14,0.02,0.01,0.04
2018-10,76.22,7.5,5.55,5.12,2.09,1.94,0.79,0.44,0.2,0.13,0.01,0.01,0
2018-11,78.13,7.66,3.13,4.49,2.07,1.78,1.88,0.34,0.4,0.07,0.03,0.01,0.03
2018-12,71.25,10.28,5.08,5.03,2.38,2.06,2.66,0.46,0.67,0.12,0.01,0.01,0.01
2019-01,70.31,13.81,5.21,3.9,2.98,1.65,1.12,0.33,0.52,0.14,0,0.01,0
2019-02,67.02,17.22,5.41,3.98,2.58,1.7,1.29,0.43,0.22,0.1,0,0.03,0
2019-03,67.38,16.49,5.58,4.03,3.59,1.51,0.53,0.39,0.34,0.13,0.01,0.01,0
2019-04,71.31,14.97,4.83,3.93,2.67,1.34,0.42,0.35,0.03,0.12,0.01,0.02,0
2019-05,73.76,13.62,4.33,3.88,2.22,1.4,0.36,0.3,0,0.12,0.01,0.01,0
2019-06,75.65,11.85,4.66,3.79,1.66,1.42,0.33,0.48,0.02,0.11,0.01,0.01,0.01
2019-07,73.65,12.79,5.16,3.91,1.94,1.44,0.31,0.65,0,0.12,0.01,0.01,0.01
2019-08,74.23,13.76,4.89,3.44,1.5,1.4,0.17,0.49,0,0.12,0.01,0.01,0.01
